46
0
4
83
91
44
68
81
91
11
61
68
20
7
8
11
54
85
67
22
100
80
6
57
15
51
59
26
30
6
71
84
84
67
53
12
40
60
50
46
14
13
40
58
58
54
24
76
12
6
48
83
51
97
19
25
55
66
1
58
67
34
80
91
40
31
95
95
0
68
77
25
20
51
91
13
93
34
62
33
0
35
55
89
93
35
5
22
1
44
42
43
37
35
51
24
61
9
28
85
60
73
97
47
58
15
34
9
37
87
20
79
2
67
36
60
39
69
18
31
18
66
72
6
55
58
5
92
36
68
42
2
47
19
80
71
20
76
27
1
10
15
50
61
99
95
64
93
58
81
55
64
94
67
37
7
58
22
50
46
100
40
77
88
44
34
98
86
68
78
79
59
51
55
69
100
8
46
82
98
10
59
38
91
98
60
89
28
41
57
23
17
15
63
77
77
58
20
88
75
63
84
97
47
99
98
8
39
52
30
16
60
72
71
13
21
75
27
53
72
37
74
70
70
43
30
35
60
20
36
96
72
73
54
26
4
42
38
52
56
6
11
39
99
10
27
20
77
70
6
8
71
90
80
90
7
47
37
4
37
39
25
29
10
20
13
1
8
67
85
82
79
6
64
71
61
90
4
77
73
90
81
89
70
32
78
10
45
26
18
79
38
50
41
43
51
78
12
73
41
40
80
53
35
59
36
5
100
35
16
79
63
71
45
56
81
90
69
28
46
2
97
79
85
48
53
88
55
82
91
49
71
49
9
41
0
81
84
12
46
99
90
13
20
96
96
10
44
84
24
52
81
52
2
47
79
91
75
71
9
22
86
25
96
56
65
44
12
55
51
42
3
31
10
84
7
14
86
87
60
5
5
17
15
12
75
50
95
87
89
95
88
64
56
20
53
89
94
21
38
35
32
100
89
84
99
33
2
74
76
44
50
94
87
49
15
94
77
88
27
82
73
18
65
64
89
8
28
16
57
52
40
97
91
53
96
93
34
85
69
0
38
19
0
77
15
49
25
44
4
19
47
12
55
0
95
98
87
25
44
39
43
60
66
79
73
84
10
28
44
95
0
40
14
75
16
98
42
94
83
51
14
87
97
4
43
99
80
31
95
46
13
89
33
88
11
94
72
19
39